6
1497
2131
2946
2984
3540
5684
15291
8718
9898
11264
11632
12807
13023
13880
15213
8643
17184
19849
19914
20580
24272
25228
56152
44251
42111
39954
39812
35808
35157
36009
36534
38522
36493
32871
40519
40615
40878
40925
40938
40945
31077
29464
25373
45817
55556
47485
51282
48753
50650
49217
52767
48660
46134
58352
97818
59498
59750
77722
77185
61317
61859
62917
71616
64131
63870
64486
65010
65138
71214
70977
66036
70783
67557
67635
68696
70145
67203
65786
65210
72149
63724
72161
75251
76114
60722
91798
78892
79127
79623
80009
80686
84882
85265
86043
86456
87331
87555
91686
59768
