1998
1997
1996
1994
1994
1994
1994
1993
1985
1983
1983
1982
1980
1980
1978
1976
1975
1968
1967
1966
1966
1966
1964
1962
1960
1959
1959
1958
1955
1955
1952
1951
1949
1948
1943
1942
1942
1941
1939
1938
1932
1930
1919
1919
1915
1913
1912
1911
1909
1907
1903
1901
1899
1897
1897
1896
1895
1890
1889
1884
1883
1875
1875
1873
1871
1869
1867
1866
1866
1864
1864
1864
1864
1860
1858
1857
1854
1850
1848
1846
1846
1844
1842
1842
1841
1840
1838
1836
1835
1833
1833
1831
1829
1828
1827
1827
1821
1818
1816
1815
1812
1811
1811
1801
1799
1798
1797
1796
1796
1796
1793
1792
1790
1787
1787
1785
1785
1784
1784
1782
1781
1781
1779
1779
1778
1776
1773
1771
1769
1767
1767
1762
1761
1761
1759
1757
1756
1756
1754
1751
1750
1744
1742
1741
1740
1737
1734
1733
1732
1729
1729
1728
1726
1724
1723
1720
1720
1719
1714
1712
1710
1710
1710
1709
1709
1708
1706
1699
1697
1695
1687
1685
1681
1681
1676
1674
1671
1670
1670
1668
1665
1664
1664
1662
1661
1660
1659
1657
1656
1655
1655
1654
1654
1652
1652
1651
1647
1645
1644
1644
1641
1638
1636
1636
1631
1631
1631
1630
1628
1622
1619
1616
1615
1613
1612
1609
1609
1607
1604
1603
1601
1591
1588
1588
1587
1585
1583
1583
1580
1578
1575
1572
1567
1567
1566
1563
1562
1551
1551
1550
1550
1549
1548
1546
1545
1545
1543
1540
1540
1537
1536
1534
1529
1521
1519
1517
1516
1516
1516
1512
1509
1508
1506
1504
1504
1499
1498
1496
1495
1494
1493
1492
1490
1489
1488
1483
1481
1480
1478
1475
1473
1471
1471
1471
1468
1467
1467
1466
1464
1458
1457
1456
1450
1446
1445
1445
1443
1443
1443
1441
1440
1439
1438
1436
1435
1432
1431
1430
1427
1427
1425
1423
1411
1408
1407
1407
1403
1403
1402
1400
1400
1398
1393
1389
1388
1386
1384
1380
1379
1377
1377
1375
1373
1373
1371
1370
1369
1369
1367
1366
1365
1363
1363
1362
1362
1361
1359
1357
1356
1354
1351
1350
1347
1345
1343
1342
1342
1341
1341
1337
1335
1333
1332
1327
1324
1324
1322
1320
1316
1311
1310
1309
1309
1307
1304
1299
1299
1299
1298
1295
1293
1291
1290
1287
1287
1285
1284
1284
1283
1282
1281
1275
1275
1274
1273
1273
1266
1262
1260
1258
1255
1253
1250
1249
1249
1245
1245
1244
1243
1242
1232
1230
1229
1229
1224
1224
1223
1222
1220
1218
1217
1216
1213
1212
1212
1206
1204
1203
1203
1201
1200
1199
1198
1197
1197
1194
1193
1193
1190
1190
1190
1190
1189
1183
1180
1179
1166
1160
1160
1159
1157
1155
1154
1152
1149
1148
1143
1140
1139
1139
1134
1134
1134
1134
1130
1129
1128
1127
1122
1121
1119
1116
1116
1112
1112
1109
1109
1107
1105
1105
1104
1104
1104
1099
1098
1093
1089
1088
1087
1085
1084
1084
1079
1079
1074
1065
1063
1060
1055
1054
1051
1047
1042
1037
1037
1037
1035
1034
1032
1030
1030
1027
1026
1024
1020
1019
1018
1017
1016
1011
1008
1007
1007
1006
1005
1004
996
991
987
986
982
982
978
978
977
974
966
966
965
964
962
960
957
955
955
955
954
953
952
950
945
942
942
939
938
936
934
932
932
927
924
923
922
922
921
919
918
917
915
912
912
909
907
906
906
905
903
903
900
897
896
896
894
893
892
892
890
883
881
878
878
876
873
872
871
869
860
857
854
851
850
849
848
843
842
837
836
829
827
825
822
818
815
815
813
811
810
805
805
803
798
796
789
785
780
779
778
777
773
773
773
762
762
759
758
756
756
756
755
755
754
752
750
747
746
740
736
736
733
732
730
728
728
728
722
722
718
714
710
708
707
707
702
702
702
698
697
696
693
692
692
691
688
683
683
679
679
676
675
672
665
665
659
657
655
652
651
646
644
640
640
639
639
636
632
629
627
621
621
618
614
611
610
608
606
600
600
599
598
597
594
594
591
589
587
587
586
582
581
580
579
577
573
571
570
570
569
569
565
564
563
563
562
560
560
556
554
551
550
547
546
544
541
540
540
540
539
537
537
530
529
528
526
524
524
524
523
521
519
517
514
508
506
505
505
505
503
498
495
492
487
485
485
480
480
477
472
466
465
464
459
458
457
454
452
452
448
443
442
441
440
434
433
433
431
427
427
427
427
421
416
415
414
413
410
409
408
402
396
394
393
389
388
387
387
381
380
378
378
376
371
370
369
368
366
364
362
354
354
353
353
350
350
348
346
344
342
340
337
337
334
334
333
332
330
325
324
323
321
316
316
314
311
310
309
307
303
303
303
302
302
301
297
297
296
296
293
293
291
291
287
277
276
274
273
271
271
270
270
265
264
262
261
260
259
256
255
253
250
248
246
245
242
240
238
236
234
231
226
222
220
218
218
217
216
215
214
211
205
204
197
195
195
194
182
178
178
176
170
169
167
166
165
165
157
154
152
150
150
144
143
143
140
140
139
133
133
132
129
125
122
120
110
109
109
108
107
106
104
104
99
95
90
88
87
85
84
82
82
80
72
70
66
65
58
51
49
43
42
38
38
37
37
36
34
33
31
27
25
24
24
22
20
20
19
17
16
16
15
15
13
9
8
7
6
4
4
3
2
1
