1
2
3
4
4
6
7
8
9
13
15
15
16
16
17
19
20
20
22
24
24
25
27
31
33
34
36
37
37
38
38
42
43
49
51
58
65
66
70
72
80
82
82
84
85
87
88
90
95
99
104
104
106
107
108
109
109
110
120
122
125
129
132
133
133
139
140
140
143
143
144
150
150
152
154
157
165
165
166
167
169
170
176
178
178
182
194
195
195
197
204
205
211
214
215
216
217
218
218
220
222
226
231
234
236
238
240
242
245
246
248
250
253
255
256
259
260
261
262
264
265
270
270
271
271
273
274
276
277
287
291
291
293
293
296
296
297
297
301
302
302
303
303
303
307
309
310
311
314
316
316
321
323
324
325
330
332
333
334
334
337
337
340
342
344
346
348
350
350
353
353
354
354
362
364
366
368
369
370
371
376
378
378
380
381
387
387
388
389
393
394
396
402
408
409
410
413
414
415
416
421
427
427
427
427
431
433
433
434
440
441
442
443
448
452
452
454
457
458
459
464
465
466
472
477
480
480
485
485
487
492
495
498
503
505
505
505
506
508
514
517
519
521
523
524
524
524
526
528
529
530
537
537
539
540
540
540
541
544
546
547
550
551
554
556
560
560
562
563
563
564
565
569
569
570
570
571
573
577
579
580
581
582
586
587
587
589
591
594
594
597
598
599
600
600
606
608
610
611
614
618
621
621
627
629
632
636
639
639
640
640
644
646
651
652
655
657
659
665
665
672
675
676
679
679
683
683
688
691
692
692
693
696
697
698
702
702
702
707
707
708
710
714
718
722
722
728
728
728
730
732
733
736
736
740
746
747
750
752
754
755
755
756
756
756
758
759
762
762
773
773
773
777
778
779
780
785
789
796
798
803
805
805
810
811
813
815
815
818
822
825
827
829
836
837
842
843
848
849
850
851
854
857
860
869
871
872
873
876
878
878
881
883
890
892
892
893
894
896
896
897
900
903
903
905
906
906
907
909
912
912
915
917
918
919
921
922
922
923
924
927
932
932
934
936
938
939
942
942
945
950
952
953
954
955
955
955
957
960
962
964
965
966
966
974
977
978
978
982
982
986
987
991
996
1004
1005
1006
1007
1007
1008
1011
1016
1017
1018
1019
1020
1024
1026
1027
1030
1030
1032
1034
1035
1037
1037
1037
1042
1047
1051
1054
1055
1060
1063
1065
1074
1079
1079
1084
1084
1085
1087
1088
1089
1093
1098
1099
1104
1104
1104
1105
1105
1107
1109
1109
1112
1112
1116
1116
1119
1121
1122
1127
1128
1129
1130
1134
1134
1134
1134
1139
1139
1140
1143
1148
1149
1152
1154
1155
1157
1159
1160
1160
1166
1179
1180
1183
1189
1190
1190
1190
1190
1193
1193
1194
1197
1197
1198
1199
1200
1201
1203
1203
1204
1206
1212
1212
1213
1216
1217
1218
1220
1222
1223
1224
1224
1229
1229
1230
1232
1242
1243
1244
1245
1245
1249
1249
1250
1253
1255
1258
1260
1262
1266
1273
1273
1274
1275
1275
1281
1282
1283
1284
1284
1285
1287
1287
1290
1291
1293
1295
1298
1299
1299
1299
1304
1307
1309
1309
1310
1311
1316
1320
1322
1324
1324
1327
1332
1333
1335
1337
1341
1341
1342
1342
1343
1345
1347
1350
1351
1354
1356
1357
1359
1361
1362
1362
1363
1363
1365
1366
1367
1369
1369
1370
1371
1373
1373
1375
1377
1377
1379
1380
1384
1386
1388
1389
1393
1398
1400
1400
1402
1403
1403
1407
1407
1408
1411
1423
1425
1427
1427
1430
1431
1432
1435
1436
1438
1439
1440
1441
1443
1443
1443
1445
1445
1446
1450
1456
1457
1458
1464
1466
1467
1467
1468
1471
1471
1471
1473
1475
1478
1480
1481
1483
1488
1489
1490
1492
1493
1494
1495
1496
1498
1499
1504
1504
1506
1508
1509
1512
1516
1516
1516
1517
1519
1521
1529
1534
1536
1537
1540
1540
1543
1545
1545
1546
1548
1549
1550
1550
1551
1551
1562
1563
1566
1567
1567
1572
1575
1578
1580
1583
1583
1585
1587
1588
1588
1591
1601
1603
1604
1607
1609
1609
1612
1613
1615
1616
1619
1622
1628
1630
1631
1631
1631
1636
1636
1638
1641
1644
1644
1645
1647
1651
1652
1652
1654
1654
1655
1655
1656
1657
1659
1660
1661
1662
1664
1664
1665
1668
1670
1670
1671
1674
1676
1681
1681
1685
1687
1695
1697
1699
1706
1708
1709
1709
1710
1710
1710
1712
1714
1719
1720
1720
1723
1724
1726
1728
1729
1729
1732
1733
1734
1737
1740
1741
1742
1744
1750
1751
1754
1756
1756
1757
1759
1761
1761
1762
1767
1767
1769
1771
1773
1776
1778
1779
1779
1781
1781
1782
1784
1784
1785
1785
1787
1787
1790
1792
1793
1796
1796
1796
1797
1798
1799
1801
1811
1811
1812
1815
1816
1818
1821
1827
1827
1828
1829
1831
1833
1833
1835
1836
1838
1840
1841
1842
1842
1844
1846
1846
1848
1850
1854
1857
1858
1860
1864
1864
1864
1864
1866
1866
1867
1869
1871
1873
1875
1875
1883
1884
1889
1890
1895
1896
1897
1897
1899
1901
1903
1907
1909
1911
1912
1913
1915
1919
1919
1930
1932
1938
1939
1941
1942
1942
1943
1948
1949
1951
1952
1955
1955
1958
1959
1959
1960
1962
1964
1966
1966
1966
1967
1968
1975
1976
1978
1980
1980
1982
1983
1983
1985
1993
1994
1994
1994
1994
1996
1997
1998
